1

0 2 7 2 0 0 0
2 7 1 7 2 0 0
7 1 1 1 7 0 0
2 7 1 7 2 0 0
0 2 7 2 0 0 0
0 0 0 0 0 0 0
0 0 0 0 0 0 0


8

0 0 0 2 7 2 0
2 7 7 7 1 7 0
7 1 1 1 1 7 0
2 7 7 7 7 2 0
0 0 0 0 0 0 0
0 0 0 0 0 0 0
0 0 0 0 0 0 0

0 2 7 2 0 0 0
0 7 1 7 0 0 0
0 7 1 7 0 0 0
2 7 1 7 0 0 0
7 1 1 7 0 0 0
2 7 7 2 0 0 0
0 0 0 0 0 0 0

2 7 2 0 0 0 0
7 1 7 7 7 2 0
7 1 1 1 1 7 0
2 7 7 7 7 2 0
0 0 0 0 0 0 0
0 0 0 0 0 0 0
0 0 0 0 0 0 0

2 7 2 0 0 0 0
7 1 7 0 0 0 0
7 1 7 0 0 0 0
7 1 7 2 0 0 0
7 1 1 7 0 0 0
2 7 7 2 0 0 0
0 0 0 0 0 0 0

2 7 7 2 0 0 0
7 1 1 7 0 0 0
2 7 1 7 0 0 0
0 7 1 7 0 0 0
0 7 1 7 0 0 0
0 2 7 2 0 0 0
0 0 0 0 0 0 0

2 7 7 2 0 0 0
7 1 1 7 0 0 0
7 1 7 2 0 0 0
7 1 7 0 0 0 0
7 1 7 0 0 0 0
2 7 2 0 0 0 0
0 0 0 0 0 0 0

2 7 7 7 7 2 0
7 1 1 1 1 7 0
2 7 7 7 1 7 0
0 0 0 2 7 2 0
0 0 0 0 0 0 0
0 0 0 0 0 0 0
0 0 0 0 0 0 0

2 7 7 7 7 2 0
7 1 1 1 1 7 0
7 1 7 7 7 2 0
2 7 2 0 0 0 0
0 0 0 0 0 0 0
0 0 0 0 0 0 0
0 0 0 0 0 0 0



4

0 0 2 7 2 0 0
0 0 7 1 7 0 0
2 7 7 1 7 0 0
7 1 1 1 7 0 0
2 7 7 7 2 0 0
0 0 0 0 0 0 0
0 0 0 0 0 0 0

2 7 2 0 0 0 0
7 1 7 0 0 0 0
7 1 7 7 2 0 0
7 1 1 1 7 0 0
2 7 7 7 2 0 0
0 0 0 0 0 0 0
0 0 0 0 0 0 0

2 7 7 7 2 0 0
7 1 1 1 7 0 0
2 7 7 1 7 0 0
0 0 7 1 7 0 0
0 0 2 7 2 0 0
0 0 0 0 0 0 0
0 0 0 0 0 0 0

2 7 7 7 2 0 0
7 1 1 1 7 0 0
7 1 7 7 2 0 0
7 1 7 0 0 0 0
2 7 2 0 0 0 0
0 0 0 0 0 0 0
0 0 0 0 0 0 0




4

0 0 2 7 2 0 0
0 2 7 1 7 0 0
2 7 1 1 7 0 0
7 1 1 7 2 0 0
2 7 7 2 0 0 0
0 0 0 0 0 0 0
0 0 0 0 0 0 0

0 2 7 7 2 0 0
2 7 1 1 7 0 0
7 1 1 7 2 0 0
7 1 7 2 0 0 0
2 7 2 0 0 0 0
0 0 0 0 0 0 0
0 0 0 0 0 0 0

2 7 2 0 0 0 0
7 1 7 2 0 0 0
7 1 1 7 2 0 0
2 7 1 1 7 0 0
0 2 7 7 2 0 0
0 0 0 0 0 0 0
0 0 0 0 0 0 0

2 7 7 2 0 0 0
7 1 1 7 2 0 0
2 7 1 1 7 0 0
0 2 7 1 7 0 0
0 0 2 7 2 0 0
0 0 0 0 0 0 0
0 0 0 0 0 0 0



8

0 0 2 7 2 0 0
2 7 7 1 7 2 0
7 1 1 1 1 7 0
2 7 7 7 7 2 0
0 0 0 0 0 0 0
0 0 0 0 0 0 0
0 0 0 0 0 0 0

0 2 7 2 0 0 0
2 7 1 7 7 2 0
7 1 1 1 1 7 0
2 7 7 7 7 2 0
0 0 0 0 0 0 0
0 0 0 0 0 0 0
0 0 0 0 0 0 0

0 2 7 2 0 0 0
0 7 1 7 0 0 0
2 7 1 7 0 0 0
7 1 1 7 0 0 0
2 7 1 7 0 0 0
0 2 7 2 0 0 0
0 0 0 0 0 0 0

0 2 7 2 0 0 0
2 7 1 7 0 0 0
7 1 1 7 0 0 0
2 7 1 7 0 0 0
0 7 1 7 0 0 0
0 2 7 2 0 0 0
0 0 0 0 0 0 0

2 7 2 0 0 0 0
7 1 7 0 0 0 0
7 1 7 2 0 0 0
7 1 1 7 0 0 0
7 1 7 2 0 0 0
2 7 2 0 0 0 0
0 0 0 0 0 0 0

2 7 2 0 0 0 0
7 1 7 2 0 0 0
7 1 1 7 0 0 0
7 1 7 2 0 0 0
7 1 7 0 0 0 0
2 7 2 0 0 0 0
0 0 0 0 0 0 0

2 7 7 7 7 2 0
7 1 1 1 1 7 0
2 7 7 1 7 2 0
0 0 2 7 2 0 0
0 0 0 0 0 0 0
0 0 0 0 0 0 0
0 0 0 0 0 0 0

2 7 7 7 7 2 0
7 1 1 1 1 7 0
2 7 1 7 7 2 0
0 2 7 2 0 0 0
0 0 0 0 0 0 0
0 0 0 0 0 0 0
0 0 0 0 0 0 0




8

0 0 2 7 2 0 0
2 7 7 1 7 0 0
7 1 1 1 7 0 0
2 7 1 7 2 0 0
0 2 7 2 0 0 0
0 0 0 0 0 0 0
0 0 0 0 0 0 0

0 2 7 2 0 0 0
0 7 1 7 2 0 0
2 7 1 1 7 0 0
7 1 1 7 2 0 0
2 7 7 2 0 0 0
0 0 0 0 0 0 0
0 0 0 0 0 0 0

0 2 7 2 0 0 0
2 7 1 7 0 0 0
7 1 1 7 2 0 0
2 7 1 1 7 0 0
0 2 7 7 2 0 0
0 0 0 0 0 0 0
0 0 0 0 0 0 0

0 2 7 2 0 0 0
2 7 1 7 2 0 0
7 1 1 1 7 0 0
2 7 7 1 7 0 0
0 0 2 7 2 0 0
0 0 0 0 0 0 0
0 0 0 0 0 0 0

0 2 7 2 0 0 0
2 7 1 7 2 0 0
7 1 1 1 7 0 0
7 1 7 7 2 0 0
2 7 2 0 0 0 0
0 0 0 0 0 0 0
0 0 0 0 0 0 0

0 2 7 7 2 0 0
2 7 1 1 7 0 0
7 1 1 7 2 0 0
2 7 1 7 0 0 0
0 2 7 2 0 0 0
0 0 0 0 0 0 0
0 0 0 0 0 0 0

2 7 2 0 0 0 0
7 1 7 7 2 0 0
7 1 1 1 7 0 0
2 7 1 7 2 0 0
0 2 7 2 0 0 0
0 0 0 0 0 0 0
0 0 0 0 0 0 0

2 7 7 2 0 0 0
7 1 1 7 2 0 0
2 7 1 1 7 0 0
0 7 1 7 2 0 0
0 2 7 2 0 0 0
0 0 0 0 0 0 0
0 0 0 0 0 0 0




4

0 0 2 7 2 0 0
2 7 7 1 7 0 0
7 1 1 1 7 0 0
2 7 7 1 7 0 0
0 0 2 7 2 0 0
0 0 0 0 0 0 0
0 0 0 0 0 0 0

0 2 7 2 0 0 0
0 7 1 7 0 0 0
2 7 1 7 2 0 0
7 1 1 1 7 0 0
2 7 7 7 2 0 0
0 0 0 0 0 0 0
0 0 0 0 0 0 0

2 7 2 0 0 0 0
7 1 7 7 2 0 0
7 1 1 1 7 0 0
7 1 7 7 2 0 0
2 7 2 0 0 0 0
0 0 0 0 0 0 0
0 0 0 0 0 0 0

2 7 7 7 2 0 0
7 1 1 1 7 0 0
2 7 1 7 2 0 0
0 7 1 7 0 0 0
0 2 7 2 0 0 0
0 0 0 0 0 0 0
0 0 0 0 0 0 0




8

0 0 2 7 2 0 0
2 7 7 1 7 0 0
7 1 1 1 7 0 0
2 7 7 7 2 0 0
0 0 0 0 0 0 0
0 0 0 0 0 0 0
0 0 0 0 0 0 0

0 2 7 2 0 0 0
0 7 1 7 0 0 0
2 7 1 7 0 0 0
7 1 1 7 0 0 0
2 7 7 2 0 0 0
0 0 0 0 0 0 0
0 0 0 0 0 0 0

2 7 2 0 0 0 0
7 1 7 7 2 0 0
7 1 1 1 7 0 0
2 7 7 7 2 0 0
0 0 0 0 0 0 0
0 0 0 0 0 0 0
0 0 0 0 0 0 0

2 7 2 0 0 0 0
7 1 7 0 0 0 0
7 1 7 2 0 0 0
7 1 1 7 0 0 0
2 7 7 2 0 0 0
0 0 0 0 0 0 0
0 0 0 0 0 0 0

2 7 7 2 0 0 0
7 1 1 7 0 0 0
2 7 1 7 0 0 0
0 7 1 7 0 0 0
0 2 7 2 0 0 0
0 0 0 0 0 0 0
0 0 0 0 0 0 0

2 7 7 2 0 0 0
7 1 1 7 0 0 0
7 1 7 2 0 0 0
7 1 7 0 0 0 0
2 7 2 0 0 0 0
0 0 0 0 0 0 0
0 0 0 0 0 0 0

2 7 7 7 2 0 0
7 1 1 1 7 0 0
2 7 7 1 7 0 0
0 0 2 7 2 0 0
0 0 0 0 0 0 0
0 0 0 0 0 0 0
0 0 0 0 0 0 0

2 7 7 7 2 0 0
7 1 1 1 7 0 0
7 1 7 7 2 0 0
2 7 2 0 0 0 0
0 0 0 0 0 0 0
0 0 0 0 0 0 0
0 0 0 0 0 0 0




4

0 0 2 7 2 0 0
2 7 7 1 7 0 0
7 1 1 1 7 0 0
7 1 7 7 2 0 0
2 7 2 0 0 0 0
0 0 0 0 0 0 0
0 0 0 0 0 0 0

0 2 7 7 2 0 0
0 7 1 1 7 0 0
2 7 1 7 2 0 0
7 1 1 7 0 0 0
2 7 7 2 0 0 0
0 0 0 0 0 0 0
0 0 0 0 0 0 0

2 7 2 0 0 0 0
7 1 7 7 2 0 0
7 1 1 1 7 0 0
2 7 7 1 7 0 0
0 0 2 7 2 0 0
0 0 0 0 0 0 0
0 0 0 0 0 0 0

2 7 7 2 0 0 0
7 1 1 7 0 0 0
2 7 1 7 2 0 0
0 7 1 1 7 0 0
0 2 7 7 2 0 0
0 0 0 0 0 0 0
0 0 0 0 0 0 0





8

0 0 2 7 7 2 0
2 7 7 1 1 7 0
7 1 1 1 7 2 0
2 7 7 7 2 0 0
0 0 0 0 0 0 0
0 0 0 0 0 0 0
0 0 0 0 0 0 0

0 2 7 2 0 0 0
0 7 1 7 0 0 0
2 7 1 7 0 0 0
7 1 1 7 0 0 0
7 1 7 2 0 0 0
2 7 2 0 0 0 0
0 0 0 0 0 0 0

0 2 7 2 0 0 0
2 7 1 7 0 0 0
7 1 1 7 0 0 0
7 1 7 2 0 0 0
7 1 7 0 0 0 0
2 7 2 0 0 0 0
0 0 0 0 0 0 0

0 2 7 7 7 2 0
2 7 1 1 1 7 0
7 1 1 7 7 2 0
2 7 7 2 0 0 0
0 0 0 0 0 0 0
0 0 0 0 0 0 0
0 0 0 0 0 0 0

2 7 2 0 0 0 0
7 1 7 0 0 0 0
7 1 7 2 0 0 0
7 1 1 7 0 0 0
2 7 1 7 0 0 0
0 2 7 2 0 0 0
0 0 0 0 0 0 0

2 7 2 0 0 0 0
7 1 7 2 0 0 0
7 1 1 7 0 0 0
2 7 1 7 0 0 0
0 7 1 7 0 0 0
0 2 7 2 0 0 0
0 0 0 0 0 0 0

2 7 7 2 0 0 0
7 1 1 7 7 2 0
2 7 1 1 1 7 0
0 2 7 7 7 2 0
0 0 0 0 0 0 0
0 0 0 0 0 0 0
0 0 0 0 0 0 0

2 7 7 7 2 0 0
7 1 1 1 7 2 0
2 7 7 1 1 7 0
0 0 2 7 7 2 0
0 0 0 0 0 0 0
0 0 0 0 0 0 0
0 0 0 0 0 0 0





4

0 2 7 2 0 0 0
2 7 1 7 2 0 0
7 1 1 1 7 0 0
2 7 7 7 2 0 0
0 0 0 0 0 0 0
0 0 0 0 0 0 0
0 0 0 0 0 0 0

0 2 7 2 0 0 0
2 7 1 7 0 0 0
7 1 1 7 0 0 0
2 7 1 7 0 0 0
0 2 7 2 0 0 0
0 0 0 0 0 0 0
0 0 0 0 0 0 0

2 7 2 0 0 0 0
7 1 7 2 0 0 0
7 1 1 7 0 0 0
7 1 7 2 0 0 0
2 7 2 0 0 0 0
0 0 0 0 0 0 0
0 0 0 0 0 0 0

2 7 7 7 2 0 0
7 1 1 1 7 0 0
2 7 1 7 2 0 0
0 2 7 2 0 0 0
0 0 0 0 0 0 0
0 0 0 0 0 0 0
0 0 0 0 0 0 0





4

0 2 7 2 0 0 0
2 7 1 7 0 0 0
7 1 1 7 0 0 0
2 7 7 2 0 0 0
0 0 0 0 0 0 0
0 0 0 0 0 0 0
0 0 0 0 0 0 0

2 7 2 0 0 0 0
7 1 7 2 0 0 0
7 1 1 7 0 0 0
2 7 7 2 0 0 0
0 0 0 0 0 0 0
0 0 0 0 0 0 0
0 0 0 0 0 0 0

2 7 7 2 0 0 0
7 1 1 7 0 0 0
2 7 1 7 0 0 0
0 2 7 2 0 0 0
0 0 0 0 0 0 0
0 0 0 0 0 0 0
0 0 0 0 0 0 0

2 7 7 2 0 0 0
7 1 1 7 0 0 0
7 1 7 2 0 0 0
2 7 2 0 0 0 0
0 0 0 0 0 0 0
0 0 0 0 0 0 0
0 0 0 0 0 0 0





8

0 2 7 2 0 0 0
2 7 1 7 0 0 0
7 1 1 7 0 0 0
7 1 1 7 0 0 0
2 7 7 2 0 0 0
0 0 0 0 0 0 0
0 0 0 0 0 0 0

0 2 7 7 2 0 0
2 7 1 1 7 0 0
7 1 1 1 7 0 0
2 7 7 7 2 0 0
0 0 0 0 0 0 0
0 0 0 0 0 0 0
0 0 0 0 0 0 0

2 7 2 0 0 0 0
7 1 7 2 0 0 0
7 1 1 7 0 0 0
7 1 1 7 0 0 0
2 7 7 2 0 0 0
0 0 0 0 0 0 0
0 0 0 0 0 0 0

2 7 7 2 0 0 0
7 1 1 7 2 0 0
7 1 1 1 7 0 0
2 7 7 7 2 0 0
0 0 0 0 0 0 0
0 0 0 0 0 0 0
0 0 0 0 0 0 0

2 7 7 2 0 0 0
7 1 1 7 0 0 0
7 1 1 7 0 0 0
2 7 1 7 0 0 0
0 2 7 2 0 0 0
0 0 0 0 0 0 0
0 0 0 0 0 0 0

2 7 7 2 0 0 0
7 1 1 7 0 0 0
7 1 1 7 0 0 0
7 1 7 2 0 0 0
2 7 2 0 0 0 0
0 0 0 0 0 0 0
0 0 0 0 0 0 0

2 7 7 7 2 0 0
7 1 1 1 7 0 0
2 7 1 1 7 0 0
0 2 7 7 2 0 0
0 0 0 0 0 0 0
0 0 0 0 0 0 0
0 0 0 0 0 0 0

2 7 7 7 2 0 0
7 1 1 1 7 0 0
7 1 1 7 2 0 0
2 7 7 2 0 0 0
0 0 0 0 0 0 0
0 0 0 0 0 0 0
0 0 0 0 0 0 0






4

0 2 7 2 0 0 0
2 7 1 7 0 0 0
7 1 1 7 0 0 0
7 1 7 2 0 0 0
2 7 2 0 0 0 0
0 0 0 0 0 0 0
0 0 0 0 0 0 0

0 2 7 7 2 0 0
2 7 1 1 7 0 0
7 1 1 7 2 0 0
2 7 7 2 0 0 0
0 0 0 0 0 0 0
0 0 0 0 0 0 0
0 0 0 0 0 0 0

2 7 2 0 0 0 0
7 1 7 2 0 0 0
7 1 1 7 0 0 0
2 7 1 7 0 0 0
0 2 7 2 0 0 0
0 0 0 0 0 0 0
0 0 0 0 0 0 0

2 7 7 2 0 0 0
7 1 1 7 2 0 0
2 7 1 1 7 0 0
0 2 7 7 2 0 0
0 0 0 0 0 0 0
0 0 0 0 0 0 0
0 0 0 0 0 0 0






4

2 7 0 7 2 0 0
7 1 7 1 7 0 0
7 1 1 1 7 0 0
2 7 7 7 2 0 0
0 0 0 0 0 0 0
0 0 0 0 0 0 0
0 0 0 0 0 0 0

2 7 7 2 0 0 0
7 1 1 7 0 0 0
0 7 1 7 0 0 0
7 1 1 7 0 0 0
2 7 7 2 0 0 0
0 0 0 0 0 0 0
0 0 0 0 0 0 0

2 7 7 7 2 0 0
7 1 1 1 7 0 0
7 1 7 1 7 0 0
2 7 0 7 2 0 0
0 0 0 0 0 0 0
0 0 0 0 0 0 0
0 0 0 0 0 0 0

2 7 7 2 0 0 0
7 1 1 7 0 0 0
7 1 7 0 0 0 0
7 1 1 7 0 0 0
2 7 7 2 0 0 0
0 0 0 0 0 0 0
0 0 0 0 0 0 0





1

2 7 2 0 0 0 0
7 1 7 0 0 0 0
2 7 2 0 0 0 0
0 0 0 0 0 0 0
0 0 0 0 0 0 0
0 0 0 0 0 0 0
0 0 0 0 0 0 0





2

2 7 2 0 0 0 0
7 1 7 0 0 0 0
7 1 7 0 0 0 0
2 7 2 0 0 0 0
0 0 0 0 0 0 0
0 0 0 0 0 0 0
0 0 0 0 0 0 0

2 7 7 2 0 0 0
7 1 1 7 0 0 0
2 7 7 2 0 0 0
0 0 0 0 0 0 0
0 0 0 0 0 0 0
0 0 0 0 0 0 0
0 0 0 0 0 0 0





2

2 7 2 0 0 0 0
7 1 7 0 0 0 0
7 1 7 0 0 0 0
7 1 7 0 0 0 0
2 7 2 0 0 0 0
0 0 0 0 0 0 0
0 0 0 0 0 0 0

2 7 7 7 2 0 0
7 1 1 1 7 0 0
2 7 7 7 2 0 0
0 0 0 0 0 0 0
0 0 0 0 0 0 0
0 0 0 0 0 0 0
0 0 0 0 0 0 0





2

2 7 2 0 0 0 0
7 1 7 0 0 0 0
7 1 7 0 0 0 0
7 1 7 0 0 0 0
7 1 7 0 0 0 0
2 7 2 0 0 0 0
0 0 0 0 0 0 0

2 7 7 7 7 2 0
7 1 1 1 1 7 0
2 7 7 7 7 2 0
0 0 0 0 0 0 0
0 0 0 0 0 0 0
0 0 0 0 0 0 0
0 0 0 0 0 0 0






2

2 7 2 0 0 0 0
7 1 7 0 0 0 0
7 1 7 0 0 0 0
7 1 7 0 0 0 0
7 1 7 0 0 0 0
7 1 7 0 0 0 0
2 7 2 0 0 0 0

2 7 7 7 7 7 2
7 1 1 1 1 1 7
2 7 7 7 7 7 2
0 0 0 0 0 0 0
0 0 0 0 0 0 0
0 0 0 0 0 0 0
0 0 0 0 0 0 0




1

2 7 7 2 0 0 0
7 1 1 7 0 0 0
7 1 1 7 0 0 0
2 7 7 2 0 0 0
0 0 0 0 0 0 0
0 0 0 0 0 0 0
0 0 0 0 0 0 0
